

MIN -2147483648
MAX 2147483647

SITE
https://www.random.org/sequences/
-1000000000
1000000000

47 20 95 28 64 69 18 33 10 35 14 77 9 2 27 55 57 62 99 81 8 91 51 4 17 87 44 80 100 46 78 79 49 86 39 38 22 16 34 53 48 89 90 59 56 43 11 32 7 83 94 15 6 92 24 76 12 23 74 84 61 29 41 66 60 36 25 88 37 72 98 19 26 3 97 58 50 1 45 82 73 21 96 85 54 52 93 65 40 13 42 63 71 68 75 70 31 30 67 5




100 NUMEROS

16 9 47 11 -3 -21 -43 -16 -31 -41 -38 -2 -37 -6 -46 -35 43 -15 2 44 32 15 -8 14 40 -13 12 17 22 -7 36 -22 -47 -4 -42 31 29 26 -14 41 -9 46 25 33 -18 35 -17 19 -40 20 -44 28 48 30 -29 -25 13 -5 42 49 5 8 -39 -23 0 -45 -26 -49 -33 3 50 -10 37 -1 -20 27 23 -50 7 4 -34 -32 -19 -30 -27 34 18 45 39 -36 10 -11 6 -12 24 38 -28 -24 21 -48 1




500 NUMEROS

168 121 -47 -197 -85 -95 -127 -200 -39 -6 98 -189 7 209 -27 -82 -160 8 -237 -21 118 -4 131 135 -74 -173 -129 -108 -71 -230 177 158 -138 -5 146 -84 175 -63 34 -101 -210 156 138 145 -51 -34 206 129 84 -134 85 105 179 -83 71 201 -54 62 73 154 4 -93 -50 -146 47 230 -220 -205 -131 -178 -147 -215 -92 196 56 -137 -126 75 -241 100 247 -43 78 44 18 -204 95 -224 -169 140 -22 60 -30 126 -25 -214 -140 -90 -70 -168 70 38 41 -186 211 -89 -8 -191 -245 -110 -156 -211 -199 -19 39 203 164 9 -190 -180 -242 -248 27 213 -57 -216 6 155 -53 79 139 -41 -81 -28 117 32 -239 241 -175 -76 173 189 -38 17 149 240 249 200 -198 -80 13 -124 -249 219 194 222 -150 -119 160 -240 -2 -88 -106 112 104 122 -188 -99 99 187 66 -29 181 33 224 176 169 148 202 -128 167 94 -120 -96 54 -213 204 150 226 134 157 215 171 -202 -1 -55 81 -104 16 -184 243 212 -122 197 -182 -94 161 -12 -66 111 -42 52 182 114 147 -142 61 -171 -69 116 208 14 55 102 -87 -209 -206 -221 -208 246 15 43 -243 46 220 28 29 91 119 42 -158 -73 35 245 144 -185 170 106 -109 -64 -72 36 12 -135 -193 225 244 -16 -176 -13 3 -130 229 -111 25 -181 -33 -20 58 -52 87 -217 -159 -44 -153 192 235 88 -91 -18 -23 -183 -172 -10 -9 -14 96 -61 63 120 -246 110 -37 -17 141 124 -157 221 -145 93 137 237 223 -164 -247 -26 113 -15 -226 -212 195 92 -112 26 30 -219 227 80 74 123 178 174 -40 -225 86 199 97 210 -68 10 -203 76 -152 101 59 5 109 -218 0 -192 -163 83 151 -35 -77 193 -228 -67 -223 72 -174 -114 159 -117 -105 108 133 -151 -36 89 40 -207 -65 -233 180 -116 234 127 -144 -97 -121 -49 -132 -45 -115 136 -196 -62 172 -195 -179 -79 198 -201 -113 -118 48 -48 242 -24 24 214 -58 -86 -59 130 68 67 -3 49 -56 -7 65 128 77 184 -139 143 -46 231 -166 23 -11 183 -102 -162 166 57 -60 115 11 250 -231 -143 37 -167 107 -155 82 20 152 -229 31 -98 207 -125 -170 205 -123 -177 228 -236 163 186 165 188 64 190 239 45 1 50 103 -222 -234 -100 -148 -136 53 191 -250 217 -227 216 51 248 -107 132 -165 153 69 -149 2 162 -133 -232 -75 -154 233 -194 -161 -32 218 -78 19 -244 -238 90 -141 142 21 232 -235 125 238 236 185 -103 22 -187 -31
